stop_id,visible,stop_name,stop_lat,stop_lon,zone_id,location_type,parent_station,stop_timezone,equipment_id,contributor_id,geometry_id,platform_code
SP:10:10,1,"Avenue de l'Essonne",48.844747,2.372988,,0,SA:10:1002,Europe/Paris,,OIF,,
SP:10:100,1,"Clinique",48.637689,2.426617,,0,SA:10:1002,Europe/Paris,,OIF,,
SP:10:200,1,"Clinique 2",48.873966,2.295355,,0,SA:10:1002,Europe/Paris,,OIF,,
SP:10:300,1,"Clinique paumée",48.873966,2.295355,,0,SA:10:1002,Europe/Paris,,OIF,,
SA:10:1002,1,"Maison de l'Enfance",48.844745,2.372986,,1,,Europe/Paris,,OIF,,