stop_id,stop_name,stop_lat,stop_lon,location_type,parent_station,platform_code
stoparea:1,plop,48.844746,2.372987,1,,
stop:11,pouet,48.844746,2.372987,0,stoparea:1,A
stop:12,pouet,48.844746,2.372987,0,stoparea:1,
